43.378117, -1.787184
43.396458, -1.686221
43.441220, -1.593695
43.500294, -1.544115
43.573341, -1.491243
43.654126, -1.445409
43.861430, -1.390064
44.152321, -1.309040
44.442766, -1.256168
44.759572, -1.246555
45.034874, -1.198490
45.352304, -1.157978
45.572874, -1.068027
45.840320, -1.122993
46.187951, -1.203330
46.384763, -1.506242
46.809390, -2.126970
47.236285, -2.275285
47.561632, -3.041582
47.746643, -3.513994
47.850881, -4.191918
48.053229, -4.720635
48.146634, -4.259563
48.264700, -4.617992
48.585491, -4.620557
48.864515, -3.112683
48.516403, -2.659497
48.639968, -1.415295
49.708589, -1.905225
49.694377, -1.268018
49.273274, -0.180372
50.009596, 1.357714
50.915246, 1.604906
51.081186, 2.560717
50.396354, 3.763720
49.494983, 5.928027
48.996532, 8.169237
47.593295, 7.581469
46.159006, 5.955492
46.419024, 6.801440
45.924508, 7.043139
45.309766, 7.128283
45.102708, 6.625657
43.836362, 7.796047
43.050679, 6.137111
43.546410, 4.082668
43.034620, 3.049953
42.445605, 3.192775
42.469921, 1.753566
42.720637, 0.632961
42.801298, -0.520604
43.378117, -1.787184
