-1.787184
-1.686221
-1.593695
-1.544115
-1.491243
-1.445409
-1.390064
-1.309040
-1.256168
-1.246555
-1.198490
-1.157978
-1.068027
-1.122993
-1.203330
-1.506242
-2.126970
-2.275285
-3.041582
-3.513994
-4.191918
-4.720635
-4.259563
-4.617992
-4.620557
-3.112683
-2.659497
-1.415295
-1.905225
-1.268018
-0.180372
1.357714
1.604906
2.560717
3.763720
5.928027
8.169237
7.581469
5.955492
6.801440
7.043139
7.128283
6.625657
7.796047
6.137111
4.082668
3.049953
3.192775
1.753566
0.632961
-0.520604
-1.787184
